1 43181
2 58856
3 49659
4 35130
5 25544
6 18378
7 13704
8 10375
9 8371
10 6601
11 5398
12 4662
13 3858
14 3357
15 2912
16 2468
17 2251
18 1816
19 1670
20 1487
21 1287
22 1111
23 1035
24 928
25 855
26 750
27 710
28 680
29 668
30 623
31 548
32 534
33 444
34 415
35 398
36 357
37 316
38 329
39 295
40 240
41 241
42 242
43 270
44 207
45 190
46 167
47 190
48 164
49 118
50 132
51 130
52 121
53 143
54 109
55 117
56 92
57 95
58 98
59 83
60 68
61 68
62 108
63 72
64 69
65 64
66 58
67 83
68 45
69 52
70 46
71 41
72 48
73 40
74 37
75 32
76 37
77 18
78 31
79 31
80 33
81 25
82 24
83 36
84 23
85 22
86 14
87 26
88 16
89 25
90 18
91 16
92 8
93 12
94 12
95 16
96 11
97 14
98 12
99 10
100 10
101 54
102 14
103 21
104 14
105 20
106 10
107 9
108 8
109 11
110 5
111 14
112 7
113 32
114 20
115 12
116 16
117 6
118 10
119 11
120 8
121 7
122 8
123 7
124 5
125 6
126 6
127 5
128 6
129 9
130 8
131 4
132 8
133 4
134 5
135 3
136 6
137 5
138 4
139 3
140 5
141 2
142 3
143 2
144 3
145 6
146 4
147 4
148 3
149 3
150 4
151 3
152 3
153 5
154 0
155 4
156 5
157 3
158 1
159 1
160 5
161 3
162 2
163 3
164 3
165 1
166 0
167 0
168 2
169 0
170 2
171 0
172 3
173 0
174 2
175 1
176 1
177 1
178 1
179 2
180 1
181 1
182 2
183 1
184 1
185 0
186 0
187 0
188 1
189 0
190 1
191 1
192 0
193 0
194 0
195 1
196 0
197 0
198 0
199 0
200 1
201 3
202 0
203 0
204 0
205 0
206 0
207 1
208 1
209 0
210 0
211 0
212 0
213 0
214 0
215 3
216 0
217 0
218 2
219 1
220 0
221 1
222 0
223 0
224 0
225 1
226 0
227 1
228 0
229 0
230 1
231 0
232 0
233 0
234 0
235 0
236 0
237 0
238 0
239 0
240 0
241 0
242 0
243 0
244 1
245 0
246 0
247 0
248 0
249 0
250 0
251 0
252 0
253 0
254 0
255 0
256 0
257 0
258 0
259 0
260 0
261 0
262 0
263 0
264 1
265 0
266 0
267 0
268 0
269 1
270 0
271 0
272 0
273 0
274 0
275 0
276 0
277 0
278 0
279 0
280 0
281 0
282 0
283 0
284 0
285 0
286 0
287 0
288 0
289 0
290 1
291 0
292 0
293 0
294 0
295 0
296 1
297 0
298 0
299 0
300 0
301 0
302 0
303 0
304 0
305 0
306 0
307 0
308 0
309 0
310 0
311 0
312 0
313 0
314 0
315 0
316 0
317 0
318 0
319 0
320 0
321 0
322 0
323 0
324 0
325 0
326 0
327 0
328 0
329 0
330 0
331 0
332 0
333 0
334 0
335 0
336 0
337 0
338 0
339 0
340 0
341 0
342 0
343 1